0 -1.5496556758880615 -8.164237976074219 0.0
1 1.6801526546478271 -4.151445388793945 -90.0
2 -1.1703574657440186 -1.5409679412841797 -90.0
3 -0.9232819080352783 0.5266613960266113 -90.0
4 -5.2015838623046875 0.5396654605865479 -90.0
5 -8.439569473266602 -1.8140510320663452 0.0
6 -11.443485260009766 0.5396642684936523 -91.02305731291307
7 -14.421391487121582 0.5006527900695801 -90.0
8 -14.772499084472656 -1.6580047607421875 90.0
9 -16.671077728271484 -5.377133369445801 0.0
10 -16.671077728271484 -8.12096881866455 0.0
11 -16.68408203125 -11.33294677734375 -0.8951983248153607
12 -22.006145477294922 3.4851021766662598 44.30970497368535
13 -24.318347930908203 6.493013381958008 -45.744061004164536
14 -22.51769256591797 7.802579879760742 -90.86805390133382
15 -20.655654907226562 9.828315734863281 -90.97093450291885
16 -22.967863082885742 13.16362190246582 0.8303177293425678
17 -22.94740104675293 16.23291778564453 0.0
18 -17.402204513549805 8.232284545898438 90.0
19 -13.985054969787598 8.252747535705566 90.0
20 -11.120378494262695 8.293671607971191 90.0
21 -8.480782508850098 10.012476921081543 0.0
22 -7.25306510925293 8.089051246643066 0.7440258793057903
23 -4.8385515213012695 4.7742109298706055 180.0
24 -0.0709080696105957 8.21181869506836 90.0
25 7.111245155334473 7.720731735229492 180.0
26 13.904630661010742 7.761652946472168 90.0
27 22.519123077392578 9.296300888061523 180.0
28 7.090789794921875 4.549118995666504 180.0
29 4.921820163726807 0.4976468086242676 -90.0
30 9.873619079589844 0.2930278778076172 180.0
31 11.633353233337402 -1.8862426280975342 90.0
32 14.422076225280762 -1.921321153640747 90.0
33 18.806859970092773 -1.8511645793914795 90.0
34 22.577770233154297 0.06060206890106201 180.0
35 8.756956100463867 -5.9202375411987305 90.95483498153614
36 8.704339027404785 -7.849541664123535 180.0
37 10.984426498413086 -9.691150665283203 -89.5304014448818
38 17.631759643554688 -9.638534545898438 -89.44912914196165
